2.649130e-06
5.338145e-05
1.461793e-04
2.155973e-04
2.665295e-04
3.378693e-04
4.370832e-04
5.317080e-04
5.969209e-04
6.511686e-04
7.247844e-04
8.189639e-04
9.027683e-04
9.563534e-04
9.986225e-04
1.055443e-03
1.126057e-03
1.188999e-03
1.231806e-03
1.268603e-03
1.319116e-03
1.379944e-03
1.431274e-03
1.468919e-03
1.512223e-03
1.578122e-03
1.657314e-03
1.722776e-03
1.763999e-03
1.799642e-03
1.850806e-03
1.913155e-03
1.962405e-03
1.987566e-03
2.006906e-03
2.043079e-03
2.093165e-03
2.133499e-03
2.152053e-03
2.162947e-03
2.185023e-03
2.217432e-03
2.244424e-03
2.261330e-03
2.283344e-03
2.322788e-03
2.368450e-03
2.396695e-03
2.402095e-03
2.405948e-03
2.427224e-03
2.455302e-03
2.462618e-03
2.443624e-03
2.424398e-03
2.426439e-03
2.437169e-03
2.426183e-03
2.386210e-03
2.343880e-03
2.324184e-03
2.317877e-03
2.293348e-03
2.238027e-03
2.174087e-03
2.124498e-03
2.079711e-03
2.011645e-03
1.914797e-03
1.814283e-03
1.727953e-03
1.639792e-03
1.521751e-03
1.376402e-03
1.238844e-03
1.129559e-03
1.026243e-03
8.936336e-04
7.357832e-04
5.922116e-04
4.798591e-04
3.679742e-04
2.241122e-04
8.459726e-05
1.393679e-05
4.171820e-07
1.342252e-09
8.359421e-09
5.851220e-12
2.024929e-09
5.007856e-11
4.023988e-10
2.253742e-10
2.234035e-11
2.399758e-10
5.367598e-13
1.085293e-10
3.123686e-11
1.473226e-11
6.552897e-11
3.499533e-16
4.701715e-11
7.223825e-12
1.100401e-11
2.622454e-11
7.476427e-14
2.614259e-11
1.931098e-12
9.053096e-12
1.245114e-11
3.141189e-13
1.696208e-11
4.817566e-13
8.513720e-12
6.937841e-12
7.571306e-13
1.313557e-11
9.169947e-14
8.627115e-12
4.048454e-12
1.416562e-12
1.066469e-11
8.014019e-15
8.656802e-12
2.213225e-12
2.213225e-12
